
[BSPLINECURVE]
12, 3, 1
// Control Points 
120.00000000 220.00000000 360.00000000 1.00000000 0
132.70000000 235.00000000 360.00000000 1.00000000 0
145.40000000 242.00000000 360.00000000 1.00000000 0
158.10000000 245.00000000 360.00000000 1.00000000 0
170.90000000 242.00000000 360.00000000 1.00000000 0
183.60000000 235.00000000 360.00000000 1.00000000 0
196.30000000 227.00000000 360.00000000 1.00000000 0
209.00000000 221.00000000 360.00000000 1.00000000 0
221.80000000 216.00000000 360.00000000 1.00000000 0
234.50000000 208.00000000 360.00000000 1.00000000 0
247.20000000 194.00000000 360.00000000 1.00000000 0
260.00000000 180.00000000 360.00000000 1.00000000 0
// UKnot
0.00000000
0.00000000
0.00000000
0.00000000
0.11000000
0.22000000
0.33000000
0.44000000
0.55000000
0.66000000
0.77000000
0.88000000
1.00000000
1.00000000
1.00000000
1.00000000

==========================

[BSPLINECURVE]
12, 3, 1
// Control Points 
121.50000000 221.10000000 367.00000000 1.00000000 0
134.20000000 240.50000000 367.00000000 1.00000000 0
146.90000000 251.00000000 367.00000000 1.00000000 0
159.60000000 256.00000000 367.00000000 1.00000000 0
172.40000000 251.00000000 367.00000000 1.00000000 0
185.10000000 241.00000000 367.00000000 1.00000000 0
197.80000000 229.50000000 367.00000000 1.00000000 0
210.50000000 222.50000000 367.00000000 1.00000000 0
223.30000000 217.50000000 367.00000000 1.00000000 0
236.00000000 209.50000000 367.00000000 1.00000000 0
248.70000000 195.50000000 367.00000000 1.00000000 0
261.50000000 181.10000000 367.00000000 1.00000000 0
// UKnot
0.00000000
0.00000000
0.00000000
0.00000000
0.11000000
0.22000000
0.33000000
0.44000000
0.55000000
0.66000000
0.77000000
0.88000000
1.00000000
1.00000000
1.00000000
1.00000000

==========================

[BSPLINECURVE]
12, 3, 1
// Control Points 
123.00000000 222.20000000 374.10000000 1.00000000 0
135.70000000 246.00000000 374.10000000 1.00000000 0
148.40000000 260.00000000 374.10000000 1.00000000 0
161.10000000 267.00000000 374.10000000 1.00000000 0
173.90000000 260.00000000 374.10000000 1.00000000 0
186.60000000 247.00000000 374.10000000 1.00000000 0
199.30000000 232.00000000 374.10000000 1.00000000 0
212.00000000 224.00000000 374.10000000 1.00000000 0
224.80000000 219.00000000 374.10000000 1.00000000 0
237.50000000 211.00000000 374.10000000 1.00000000 0
250.20000000 197.00000000 374.10000000 1.00000000 0
263.00000000 182.20000000 374.10000000 1.00000000 0
// UKnot
0.00000000
0.00000000
0.00000000
0.00000000
0.11000000
0.22000000
0.33000000
0.44000000
0.55000000
0.66000000
0.77000000
0.88000000
1.00000000
1.00000000
1.00000000
1.00000000

==========================

[BSPLINECURVE]
12, 3, 1
// Control Points 
124.50000000 223.30000000 381.10000000 1.00000000 0
137.20000000 251.50000000 381.10000000 1.00000000 0
149.90000000 269.00000000 381.10000000 1.00000000 0
162.60000000 278.00000000 381.10000000 1.00000000 0
175.40000000 269.00000000 381.10000000 1.00000000 0
188.10000000 253.00000000 381.10000000 1.00000000 0
200.80000000 234.50000000 381.10000000 1.00000000 0
213.50000000 225.50000000 381.10000000 1.00000000 0
226.30000000 220.50000000 381.10000000 1.00000000 0
239.00000000 212.50000000 381.10000000 1.00000000 0
251.70000000 198.50000000 381.10000000 1.00000000 0
264.50000000 183.30000000 381.10000000 1.00000000 0
// UKnot
0.00000000
0.00000000
0.00000000
0.00000000
0.11000000
0.22000000
0.33000000
0.44000000
0.55000000
0.66000000
0.77000000
0.88000000
1.00000000
1.00000000
1.00000000
1.00000000

==========================

[BSPLINECURVE]
12, 3, 1
// Control Points 
126.00000000 224.40000000 388.20000000 1.00000000 0
138.70000000 257.00000000 388.20000000 1.00000000 0
151.40000000 278.00000000 388.20000000 1.00000000 0
164.10000000 289.00000000 388.20000000 1.00000000 0
176.90000000 278.00000000 388.20000000 1.00000000 0
189.60000000 259.00000000 388.20000000 1.00000000 0
202.30000000 237.00000000 388.20000000 1.00000000 0
215.00000000 227.00000000 388.20000000 1.00000000 0
227.80000000 222.00000000 388.20000000 1.00000000 0
240.50000000 214.00000000 388.20000000 1.00000000 0
253.20000000 200.00000000 388.20000000 1.00000000 0
266.00000000 184.40000000 388.20000000 1.00000000 0
// UKnot
0.00000000
0.00000000
0.00000000
0.00000000
0.11000000
0.22000000
0.33000000
0.44000000
0.55000000
0.66000000
0.77000000
0.88000000
1.00000000
1.00000000
1.00000000
1.00000000

==========================

[BSPLINECURVE]
12, 3, 1
// Control Points 
127.50000000 225.50000000 395.20000000 1.00000000 0
140.20000000 262.50000000 395.20000000 1.00000000 0
152.90000000 287.00000000 395.20000000 1.00000000 0
165.60000000 300.00000000 395.20000000 1.00000000 0
178.40000000 287.00000000 395.20000000 1.00000000 0
191.10000000 265.00000000 395.20000000 1.00000000 0
203.80000000 239.50000000 395.20000000 1.00000000 0
216.50000000 228.50000000 395.20000000 1.00000000 0
229.30000000 223.50000000 395.20000000 1.00000000 0
242.00000000 215.50000000 395.20000000 1.00000000 0
254.70000000 201.50000000 395.20000000 1.00000000 0
267.50000000 185.50000000 395.20000000 1.00000000 0
// UKnot
0.00000000
0.00000000
0.00000000
0.00000000
0.11000000
0.22000000
0.33000000
0.44000000
0.55000000
0.66000000
0.77000000
0.88000000
1.00000000
1.00000000
1.00000000
1.00000000

==========================

[BSPLINECURVE]
12, 3, 1
// Control Points 
129.00000000 226.60000000 402.30000000 1.00000000 0
141.70000000 268.00000000 402.30000000 1.00000000 0
154.40000000 296.00000000 402.30000000 1.00000000 0
167.10000000 311.00000000 402.30000000 1.00000000 0
179.90000000 296.00000000 402.30000000 1.00000000 0
192.60000000 271.00000000 402.30000000 1.00000000 0
205.30000000 242.00000000 402.30000000 1.00000000 0
218.00000000 230.00000000 402.30000000 1.00000000 0
230.80000000 225.00000000 402.30000000 1.00000000 0
243.50000000 217.00000000 402.30000000 1.00000000 0
256.20000000 203.00000000 402.30000000 1.00000000 0
269.00000000 186.60000000 402.30000000 1.00000000 0
// UKnot
0.00000000
0.00000000
0.00000000
0.00000000
0.11000000
0.22000000
0.33000000
0.44000000
0.55000000
0.66000000
0.77000000
0.88000000
1.00000000
1.00000000
1.00000000
1.00000000

==========================

[BSPLINECURVE]
12, 3, 1
// Control Points 
130.50000000 227.70000000 409.40000000 1.00000000 0
143.20000000 273.50000000 409.40000000 1.00000000 0
155.90000000 305.00000000 409.40000000 1.00000000 0
168.60000000 322.00000000 409.40000000 1.00000000 0
181.40000000 305.00000000 409.40000000 1.00000000 0
194.10000000 277.00000000 409.40000000 1.00000000 0
206.80000000 244.50000000 409.40000000 1.00000000 0
219.50000000 231.50000000 409.40000000 1.00000000 0
232.30000000 226.50000000 409.40000000 1.00000000 0
245.00000000 218.50000000 409.40000000 1.00000000 0
257.70000000 204.50000000 409.40000000 1.00000000 0
270.50000000 187.70000000 409.40000000 1.00000000 0
// UKnot
0.00000000
0.00000000
0.00000000
0.00000000
0.11000000
0.22000000
0.33000000
0.44000000
0.55000000
0.66000000
0.77000000
0.88000000
1.00000000
1.00000000
1.00000000
1.00000000

==========================

[BSPLINECURVE]
12, 3, 1
// Control Points 
132.00000000 228.80000000 416.40000000 1.00000000 0
144.70000000 279.00000000 416.40000000 1.00000000 0
157.40000000 314.00000000 416.40000000 1.00000000 0
170.10000000 333.00000000 416.40000000 1.00000000 0
182.90000000 314.00000000 416.40000000 1.00000000 0
195.60000000 283.00000000 416.40000000 1.00000000 0
208.30000000 247.00000000 416.40000000 1.00000000 0
221.00000000 233.00000000 416.40000000 1.00000000 0
233.80000000 228.00000000 416.40000000 1.00000000 0
246.50000000 220.00000000 416.40000000 1.00000000 0
259.20000000 206.00000000 416.40000000 1.00000000 0
272.00000000 188.80000000 416.40000000 1.00000000 0
// UKnot
0.00000000
0.00000000
0.00000000
0.00000000
0.11000000
0.22000000
0.33000000
0.44000000
0.55000000
0.66000000
0.77000000
0.88000000
1.00000000
1.00000000
1.00000000
1.00000000

==========================

[BSPLINECURVE]
12, 3, 1
// Control Points 
133.50000000 229.90000000 423.50000000 1.00000000 0
146.20000000 284.50000000 423.50000000 1.00000000 0
158.90000000 323.00000000 423.50000000 1.00000000 0
171.60000000 344.00000000 423.50000000 1.00000000 0
184.40000000 323.00000000 423.50000000 1.00000000 0
197.10000000 289.00000000 423.50000000 1.00000000 0
209.80000000 249.50000000 423.50000000 1.00000000 0
222.50000000 234.50000000 423.50000000 1.00000000 0
235.30000000 229.50000000 423.50000000 1.00000000 0
248.00000000 221.50000000 423.50000000 1.00000000 0
260.70000000 207.50000000 423.50000000 1.00000000 0
273.50000000 189.90000000 423.50000000 1.00000000 0
// UKnot
0.00000000
0.00000000
0.00000000
0.00000000
0.11000000
0.22000000
0.33000000
0.44000000
0.55000000
0.66000000
0.77000000
0.88000000
1.00000000
1.00000000
1.00000000
1.00000000

==========================

[BSPLINECURVE]
12, 3, 1
// Control Points 
135.00000000 231.00000000 430.50000000 1.00000000 0
147.70000000 290.00000000 430.50000000 1.00000000 0
160.40000000 332.00000000 430.50000000 1.00000000 0
173.10000000 355.00000000 430.50000000 1.00000000 0
185.90000000 332.00000000 430.50000000 1.00000000 0
198.60000000 295.00000000 430.50000000 1.00000000 0
211.30000000 252.00000000 430.50000000 1.00000000 0
224.00000000 236.00000000 430.50000000 1.00000000 0
236.80000000 231.00000000 430.50000000 1.00000000 0
249.50000000 223.00000000 430.50000000 1.00000000 0
262.20000000 209.00000000 430.50000000 1.00000000 0
275.00000000 191.00000000 430.50000000 1.00000000 0
// UKnot
0.00000000
0.00000000
0.00000000
0.00000000
0.11000000
0.22000000
0.33000000
0.44000000
0.55000000
0.66000000
0.77000000
0.88000000
1.00000000
1.00000000
1.00000000
1.00000000

==========================

[BSPLINECURVE]
12, 3, 1
// Control Points 
136.50000000 232.10000000 437.60000000 1.00000000 0
149.20000000 295.50000000 437.60000000 1.00000000 0
161.90000000 341.00000000 437.60000000 1.00000000 0
174.60000000 366.00000000 437.60000000 1.00000000 0
187.40000000 341.00000000 437.60000000 1.00000000 0
200.10000000 301.00000000 437.60000000 1.00000000 0
212.80000000 254.50000000 437.60000000 1.00000000 0
225.50000000 237.50000000 437.60000000 1.00000000 0
238.30000000 232.50000000 437.60000000 1.00000000 0
251.00000000 224.50000000 437.60000000 1.00000000 0
263.70000000 210.50000000 437.60000000 1.00000000 0
276.50000000 192.10000000 437.60000000 1.00000000 0
// UKnot
0.00000000
0.00000000
0.00000000
0.00000000
0.11000000
0.22000000
0.33000000
0.44000000
0.55000000
0.66000000
0.77000000
0.88000000
1.00000000
1.00000000
1.00000000
1.00000000

==========================

[BSPLINECURVE]
12, 3, 1
// Control Points 
138.00000000 233.20000000 444.70000000 1.00000000 0
150.70000000 301.00000000 444.70000000 1.00000000 0
163.40000000 350.00000000 444.70000000 1.00000000 0
176.10000000 377.00000000 444.70000000 1.00000000 0
188.90000000 350.00000000 444.70000000 1.00000000 0
201.60000000 307.00000000 444.70000000 1.00000000 0
214.30000000 257.00000000 444.70000000 1.00000000 0
227.00000000 239.00000000 444.70000000 1.00000000 0
239.80000000 234.00000000 444.70000000 1.00000000 0
252.50000000 226.00000000 444.70000000 1.00000000 0
265.20000000 212.00000000 444.70000000 1.00000000 0
278.00000000 193.20000000 444.70000000 1.00000000 0
// UKnot
0.00000000
0.00000000
0.00000000
0.00000000
0.11000000
0.22000000
0.33000000
0.44000000
0.55000000
0.66000000
0.77000000
0.88000000
1.00000000
1.00000000
1.00000000
1.00000000

==========================

[BSPLINECURVE]
12, 3, 1
// Control Points 
139.50000000 234.30000000 451.70000000 1.00000000 0
152.20000000 306.50000000 451.70000000 1.00000000 0
164.90000000 359.00000000 451.70000000 1.00000000 0
177.60000000 388.00000000 451.70000000 1.00000000 0
190.40000000 359.00000000 451.70000000 1.00000000 0
203.10000000 313.00000000 451.70000000 1.00000000 0
215.80000000 259.50000000 451.70000000 1.00000000 0
228.50000000 240.50000000 451.70000000 1.00000000 0
241.30000000 235.50000000 451.70000000 1.00000000 0
254.00000000 227.50000000 451.70000000 1.00000000 0
266.70000000 213.50000000 451.70000000 1.00000000 0
279.50000000 194.30000000 451.70000000 1.00000000 0
// UKnot
0.00000000
0.00000000
0.00000000
0.00000000
0.11000000
0.22000000
0.33000000
0.44000000
0.55000000
0.66000000
0.77000000
0.88000000
1.00000000
1.00000000
1.00000000
1.00000000

==========================

[BSPLINECURVE]
12, 3, 1
// Control Points 
141.00000000 235.40000000 458.80000000 1.00000000 0
153.70000000 312.00000000 458.80000000 1.00000000 0
166.40000000 368.00000000 458.80000000 1.00000000 0
179.10000000 399.00000000 458.80000000 1.00000000 0
191.90000000 368.00000000 458.80000000 1.00000000 0
204.60000000 319.00000000 458.80000000 1.00000000 0
217.30000000 262.00000000 458.80000000 1.00000000 0
230.00000000 242.00000000 458.80000000 1.00000000 0
242.80000000 237.00000000 458.80000000 1.00000000 0
255.50000000 229.00000000 458.80000000 1.00000000 0
268.20000000 215.00000000 458.80000000 1.00000000 0
281.00000000 195.40000000 458.80000000 1.00000000 0
// UKnot
0.00000000
0.00000000
0.00000000
0.00000000
0.11000000
0.22000000
0.33000000
0.44000000
0.55000000
0.66000000
0.77000000
0.88000000
1.00000000
1.00000000
1.00000000
1.00000000

==========================

[BSPLINECURVE]
12, 3, 1
// Control Points 
142.50000000 236.50000000 465.80000000 1.00000000 0
155.20000000 317.50000000 465.80000000 1.00000000 0
167.90000000 377.00000000 465.80000000 1.00000000 0
180.60000000 410.00000000 465.80000000 1.00000000 0
193.40000000 377.00000000 465.80000000 1.00000000 0
206.10000000 325.00000000 465.80000000 1.00000000 0
218.80000000 264.50000000 465.80000000 1.00000000 0
231.50000000 243.50000000 465.80000000 1.00000000 0
244.30000000 238.50000000 465.80000000 1.00000000 0
257.00000000 230.50000000 465.80000000 1.00000000 0
269.70000000 216.50000000 465.80000000 1.00000000 0
282.50000000 196.50000000 465.80000000 1.00000000 0
// UKnot
0.00000000
0.00000000
0.00000000
0.00000000
0.11000000
0.22000000
0.33000000
0.44000000
0.55000000
0.66000000
0.77000000
0.88000000
1.00000000
1.00000000
1.00000000
1.00000000

==========================

[BSPLINECURVE]
12, 3, 1
// Control Points 
144.00000000 237.60000000 472.90000000 1.00000000 0
156.70000000 323.00000000 472.90000000 1.00000000 0
169.40000000 386.00000000 472.90000000 1.00000000 0
182.10000000 421.00000000 472.90000000 1.00000000 0
194.90000000 386.00000000 472.90000000 1.00000000 0
207.60000000 331.00000000 472.90000000 1.00000000 0
220.30000000 267.00000000 472.90000000 1.00000000 0
233.00000000 245.00000000 472.90000000 1.00000000 0
245.80000000 240.00000000 472.90000000 1.00000000 0
258.50000000 232.00000000 472.90000000 1.00000000 0
271.20000000 218.00000000 472.90000000 1.00000000 0
284.00000000 197.60000000 472.90000000 1.00000000 0
// UKnot
0.00000000
0.00000000
0.00000000
0.00000000
0.11000000
0.22000000
0.33000000
0.44000000
0.55000000
0.66000000
0.77000000
0.88000000
1.00000000
1.00000000
1.00000000
1.00000000

==========================

[BSPLINECURVE]
12, 3, 1
// Control Points 
145.50000000 238.70000000 480.00000000 1.00000000 0
158.20000000 328.50000000 480.00000000 1.00000000 0
170.90000000 395.00000000 480.00000000 1.00000000 0
183.60000000 432.00000000 480.00000000 1.00000000 0
196.40000000 395.00000000 480.00000000 1.00000000 0
209.10000000 338.00000000 480.00000000 1.00000000 0
221.80000000 270.00000000 480.00000000 1.00000000 0
234.50000000 247.00000000 480.00000000 1.00000000 0
247.30000000 242.00000000 480.00000000 1.00000000 0
260.00000000 234.00000000 480.00000000 1.00000000 0
272.70000000 220.00000000 480.00000000 1.00000000 0
285.50000000 198.70000000 480.00000000 1.00000000 0
// UKnot
0.00000000
0.00000000
0.00000000
0.00000000
0.11000000
0.22000000
0.33000000
0.44000000
0.55000000
0.66000000
0.77000000
0.88000000
1.00000000
1.00000000
1.00000000
1.00000000